0001000000100000000010001000000000000100000000000100000000010001
1100100010010000001001100100000000010010000000010010000001001100
0100011000001000100010100010000001000001000001000001000100010101
1011101100100110011001011001000100100100100100100100110011001010
0001000100001010101000001000110000000000000000000001010101000110
0100110010101101010100100111011000000000000000000100101010111011
1001010001100011111000001010001100000000000000010000011100010001
1000101110111110011100100101110110000000000001001001101111001110
0110000100000110111100000001100011000000000100000010000011011100
1011010010011000001110000110111101100000010010001001001100001110
0000100000101100110111011000001000110001000001100000010110111100
0010010010000101000010001100100111011100100110110001000000101110
1000000001010110101001110100001010001100001000011100100010000111
1100000100100001110011101010101101110110100101111100011001011100
0110010000010111110111010111000001100001000101001111101000011101
0010001001000000100110100111100110110100110010011001010101111010
1001100000100010001001001101101000001001010000101000111000010101
1010110010011001100000010000010100100000101010110111011101011000
1100010000101010110001001001001000010010010100000110001010001111
1111001010110100011100000000000101000000001010011011101101110000
1011001110001011101110000000010010100000100100100001000001111011
0001010111101001000111000001000001010010000000010100100110010010
0101100001010000111011100100100100100001000001001000001010000001
1000110101101011110001100000000000010100100100000100100101000100
0111001000011010111110110000000001001000000010010000000010110001
0011000101100100100100011000000100000100001000001000001000011100
1101110100100000000011101100010010010010100100100100100101111110
0001101000010000001101000111000000000001000000000000000001000100
0110010101001000110010111011100000000100100000000000000100110010
1010001110000111010000110001110000010000010000000000010001010001
0101110111011110101011011111111001001001001000000001001100101110
0101100010000101111000010000011000000000000100000100010100001111
1100111001010100011101001001101100000000010010010011001010111011
1101111001111011101010000010000110000001000000000101000110010000
0000011011010011010101001001011011000100100000010010111010001011
1001100000100100101110000000000001110000010001000000110101100001
1010110010000000001111000000000110111001001100100011001000110111
0110010001000000110011100000011000011000010100011101000111000000
1010001100100011010101110001101101101101011011101010111011100000
0101110100011100101100111110000000000011000011010110010001110011
1001101011101100100101000111000000001101101100100010001110110101
1010010011000100000010111011100000110000000100011001110100001101
0100000101110010001000010001110011011000010011101010101010110000
0010010000110001100101001110110100001101000101010111010100011000
1000001011011110100010011100001010110010110010100010101011101100
0100100000010101011000101110101100010000010001011001010001000101
1000010001001010001110100101000111001001001100001000101100110010
0101001100000101110101000110111011000000010110100110000101010000
0010010110010000101010111000010001100001000001001011010110101000
1000000010001010110100011101001110110100100100000000110001110100
0100001001100100001011101010011100001000000010000011011111101001
1010100010100010101001010100111110100100001001001100000001010000
1101011001011001010001111001100101000010100000010110000100101011
1011001000001000101110011010100010101011010001000011010000011000
1001000100100110000110100101011001010000101100101100101001101111
1000110000001011011001000111001000101010100100000100010010000000
0111011000100000001000111011000110010101000010010011000001000011
0010001110010000100111010001111010001110101000000101100100101101
0001110110001010001010101110010101110101010100010000100000000010
0111100011101101100101000110011100101011101011001010010000001001
0101111111000000100010111010101100111001010001000100001000100000
0000000011100010011000010101100101011001101100110010100110010000
